---
build/images/feature-5@2x-8d2eeff9.png: 2015-10-25 12:10:03.661226358 +01:00
build/images/flag-6cee585c.png: 2015-10-25 12:10:03.169226372 +01:00
build/images/bg1-bc316806.jpg: 2015-10-25 12:10:03.113226373 +01:00
build/images/lang_it-8f9b8195.gif: 2015-10-25 12:10:03.065226375 +01:00
build/images/feature-1@2x-ac4f4d64.png: 2015-10-25 12:10:03.337226367 +01:00
build/images/header-516f77c1.png: 2015-10-25 12:10:03.837226353 +01:00
build/images/feature-3@2x-c13b6f0b.png: 2015-10-25 12:10:03.653226358 +01:00
build/images/feature-3-c8db76be.png: 2015-10-25 12:10:04.221226342 +01:00
build/images/feature-5-f5e68bce.png: 2015-10-25 12:10:04.017226348 +01:00
build/images/feature-6@2x-8835c92e.png: 2015-10-25 12:10:04.273226340 +01:00
build/images/load-7ccf17bf.gif: 2015-10-25 12:10:04.121226345 +01:00
build/images/grufi-2f8a7b92.png: 2015-10-25 12:10:11.897226123 +01:00
build/images/ajax-loader-7a1aa436.gif: 2015-10-25 12:10:04.269226340 +01:00
build/images/feature-4@2x-2b44747e.png: 2015-10-25 12:10:04.833226324 +01:00
build/images/bg-d5830eed.jpg: 2015-10-25 12:10:04.285226340 +01:00
build/images/feature-6-7eb2d633.png: 2015-10-25 12:10:04.537226333 +01:00
build/images/dashboard-f127ce20.png: 2015-10-25 12:10:13.321226083 +01:00
build/images/feature-2@2x-e7497cc7.png: 2015-10-25 12:10:05.193226314 +01:00
build/images/bg2-a3dde175.jpg: 2015-10-25 12:10:00.365226451 +01:00
build/images/feature-1-4764173f.png: 2015-10-25 12:10:05.121226316 +01:00
build/images/feature-4-b9c8fc46.png: 2015-10-25 12:10:05.925226293 +01:00
build/images/feature-2-7f9e8dee.png: 2015-10-25 12:10:05.961226292 +01:00
build/images/lang_en-d22b6d78.gif: 2015-10-25 12:10:05.973226292 +01:00
